github.com/AlDanial/cloc v 2.04  T=13.70 s (368.9 files/s, 84204.6 lines/s)
-------------------------------------------------------------------------------
Language                     files          blank        comment           code
-------------------------------------------------------------------------------
JavaScript                    3541          81570         102289         791423
Markdown                       408          18057            237          49187
JSON                           395             87              0          39245
TypeScript                     540           3240          19841          32955
HTML                            10           4297             78           5711
CSS                             10            139            127            592
YAML                            37             82             27            568
PowerShell                      22             22            110            484
Text                            18            958              0            482
Bourne Shell                    26             74              4            402
DOS Batch                       23             47              0            339
make                             3             37              4            106
JSX                              5             12              0             96
CSV                              1              0              0             94
SVG                              1              0              1             89
INI                              4             22              0             84
XML                              6              0              0             84
AppleScript                      1             11             23             61
Mustache                         1              5              0             38
Dockerfile                       1              7              7             17
CoffeeScript                     1              1              0              0
-------------------------------------------------------------------------------
SUM:                          5054         108668         122748         922057
-------------------------------------------------------------------------------
